
                            111111                                                            
                          1122222211                                                          
                    1111  1222222221                                                          
                  112222112222222211                                                          
                  1222222222222221                9999999999                                  
                  1122222222222221            999966666666669999                              
                    11111122222221          996666666666666666669999                          
                          11111111        9966666666666666666666666699                        
                                          996666666666666666996666666699                      
                                9999999999996666666666666699666666666699                      
                            9999333333333333996666666666666666666666666699                    
                        99993333333333333333339966666699999966666666666699                    
                      993311333333339933333333339999669955559966666666666699                  
                    9933333333333333993333333333996666995555559966666666666699                
                  99333333333333333333333333333333996666995555996666666666666699              
                  9933333333333399999999333333333399666666999999666666666666666699            
                993333333333339955555555993333333399666666666666666666666666666699            
                99333333333399555555555599333333339966666666666666666666666666666699          
              99333333333333995555555599  333333339966666666666666666666666666666699          
              9933333333333399999999993333999933996666666666666666666666666666666699          
              99333333333333          3333333333996666666666666666666666666666666699          
            99333333333333333333333333333311999966666666666666666666666666666666666699        
            993333333333  33333333333333    339966666666666666666666666666666666666699        
            9933333333    33333333333333    333399666666666666666666666666666666666699        
            9933333333      33333333333333  333399666666666666666666666666666666666699        
            99333333333333333333333333333333333399666666666666666666666666666666666699        
            99333333333333333333333333333333333399666666666666666666666666666666666699        
            99333333333333333333333333333333333399666666666666666666666666666666666699        
            993333333333333333333333333333333333996666666666666666666666666666666699          
99999999      9933333333333333333333333333333333996666666666666666666666666666666699          
444444449999  99333333333333333333333333333333996699999966666666666699996666666699  9999999999
4444444444449999999933339999993333339999993333999999559999999999999999559999999999994444444444
4444444444444444444499999955999999999955999999994499559944444444444499559944444444444499999999
99999999444444444444444499559944444499559944444499995599999999999999995599999999999999        
        9999999999999944995599999999995599999999    99  996666666666669966666699              
                      993399          99    3399        996666666666666666666699              
                      99333333333333333333333399        996666666666666666666699              
                        993333333333333333333399        996666666666666666666699              
                          99333333333333333399            9966666666666666666699              
                            993333333333333399            9966669966666666666699              
                            993333333333333399              99669966666699666699              
                              9933333333333399              99669966666699666699              
                                993333333399                9999  996699  996699              
                                  9933333399                      996699  9999                
                                    999999                        9999                        
                                                                                              
                                                                                              


